7.3728251457214355
8.740138053894043
6.161628723144531
5.093404769897461
9.35468578338623
9.167326927185059
8.30525016784668
8.25818157196045
5.452120780944824
4.621061325073242
6.003768444061279
6.549977779388428
7.020413875579834
7.420492172241211
5.189934730529785
5.699012756347656
8.486079216003418
4.00589656829834
7.777265548706055
5.272597312927246
4.917757034301758
8.048118591308594
6.690237522125244
7.557040214538574
7.4190826416015625
8.672624588012695
6.874485015869141
7.174976348876953
6.554352760314941
7.0603203773498535
7.011293411254883
8.194162368774414
6.791565895080566
6.387129783630371
7.192907333374023
8.976554870605469
6.5833282470703125
6.617684841156006
5.9092116355896
6.278200149536133
5.424245834350586
5.127367973327637
6.110556125640869
7.219299793243408
